SampleName,label,AA,AC,AG,AT,CA,CC,CG,CT,GA,GC,GG,GT,TA,TC,TG,TT
mRNALoc_18600#853213,0,0.08872557806058433,0.0636314751747625,0.07277289836888332,0.0682918085678437,0.06542391109517835,0.03692417996056641,0.04337694927406345,0.05699946226922387,0.08173507797096254,0.05484853916472486,0.05449005198064169,0.054669295572683275,0.05753719304534863,0.04732030829897831,0.07510306506542391,0.07815020613013085
mRNALoc_205#101165733,0,0.10496258369436787,0.06183536825521859,0.06715242221346987,0.07266640409610083,0.08625443087829854,0.053367467506892474,0.017526585269791256,0.06025994486018117,0.05513981882630957,0.04883812524615991,0.0385978731784167,0.048050413548641195,0.06025994486018117,0.053367467506892474,0.06734935013784955,0.10437179992122883
mRNALoc_916#10940,0,0.09726890756302521,0.04453781512605042,0.08235294117647059,0.06008403361344538,0.0684873949579832,0.056932773109243696,0.019747899159663865,0.07163865546218487,0.07478991596638655,0.05819327731092437,0.06407563025210083,0.05084033613445378,0.043697478991596636,0.05714285714285714,0.08172268907563025,0.0684873949579832
mRNALoc_18457#851608,0,0.09129770992366412,0.04977099236641221,0.059236641221374044,0.08488549618320611,0.06473282442748092,0.0366412213740458,0.029618320610687022,0.05648854961832061,0.07206106870229008,0.039083969465648856,0.053740458015267174,0.06198473282442748,0.05709923664122137,0.06198473282442748,0.08427480916030534,0.09709923664122137
mRNALoc_18830#856492,0,0.07572254335260116,0.046242774566473986,0.049132947976878616,0.07572254335260116,0.05202312138728324,0.032947976878612714,0.023699421965317918,0.06994219653179191,0.051445086705202314,0.030635838150289016,0.05375722543352601,0.07803468208092486,0.06705202312138728,0.06878612716763005,0.08786127167630058,0.13699421965317918
mRNALoc_18766#855380,0,0.11353711790393013,0.04192139737991266,0.06026200873362445,0.0777292576419214,0.04978165938864629,0.03668122270742358,0.023580786026200874,0.06375545851528384,0.07074235807860262,0.03580786026200873,0.04279475982532751,0.05589519650655022,0.059388646288209605,0.059388646288209605,0.07860262008733625,0.13013100436681221
mRNALoc_18747#854969,0,0.12205770690964313,0.08295368261199697,0.051822323462414575,0.09851936218678815,0.08940774487471526,0.04783599088838269,0.028283978739559606,0.05979498861047836,0.06681852695520121,0.027524677296886863,0.026765375854214124,0.03758542141230068,0.07687927107061504,0.0670083523158694,0.05201214882308276,0.06473044798785117
mRNALoc_18373#850659,0,0.08460049764998617,0.07132983135194913,0.07990047000276472,0.060547414984794025,0.07298866463920375,0.03842963782139895,0.0395355266795687,0.06192977605750622,0.07990047000276472,0.059717998341166714,0.05861210948299696,0.05280619297760575,0.0588885816975394,0.04340613768316284,0.07298866463920375,0.06441802598838817
mRNALoc_18504#852161,0,0.09585621567648527,0.06240639041437843,0.06839740389415876,0.0619071392910634,0.0619071392910634,0.0399400898652022,0.04742885671492761,0.05541687468796805,0.07888167748377434,0.050424363454817774,0.05741387918122816,0.05791313030454318,0.05192211682476285,0.05192211682476285,0.07139291063404893,0.08686969545681478
mRNALoc_18815#856279,0,0.0690578158458244,0.04336188436830835,0.05192719486081371,0.0728051391862955,0.04443254817987152,0.04925053533190578,0.029978586723768737,0.07762312633832977,0.05513918629550321,0.0417558886509636,0.05353319057815846,0.07173447537473233,0.06852248394004283,0.06691648822269808,0.0867237687366167,0.11723768736616702
mRNALoc_18831#856494,0,0.07126168224299065,0.05081775700934579,0.04380841121495327,0.07768691588785047,0.05841121495327103,0.04614485981308411,0.028621495327102803,0.06600467289719626,0.0455607476635514,0.030373831775700934,0.053154205607476634,0.08352803738317757,0.0683411214953271,0.07184579439252337,0.08703271028037383,0.11740654205607477
mRNALoc_18604#853236,0,0.07927187316500293,0.06165590135055784,0.046975924838520255,0.07339988256018791,0.06870229007633588,0.04873752201996477,0.03347034644744568,0.07046388725778038,0.0540223135642983,0.042278332354668234,0.058719906048150326,0.06283029947152084,0.059307105108631825,0.06870229007633588,0.07868467410452143,0.09277745155607751
mRNALoc_18599#853212,0,0.11179039301310044,0.045414847161572056,0.062882096069869,0.07248908296943231,0.05152838427947598,0.039301310043668124,0.027074235807860263,0.06462882096069869,0.07423580786026202,0.03755458515283843,0.04104803493449782,0.05240174672489083,0.05502183406113537,0.06026200873362445,0.07423580786026202,0.13013100436681221
mRNALoc_18833#856499,0,0.1202599252269895,0.06035250133523233,0.057771052163076375,0.09684885170019583,0.0688979882499555,0.037119458785828736,0.026259569165034715,0.05581271141178565,0.06925405020473563,0.03391490119280755,0.03525013352323304,0.041303186754495284,0.07673135125511839,0.05670286629873598,0.0605305323126224,0.1029909204201531
mRNALoc_10172#4363,0,0.05424348621057443,0.05241505409111687,0.06826146579308243,0.04586317232972726,0.07527045558433643,0.09081212859972573,0.04068261465793083,0.07694651836050587,0.06749961907664177,0.06932805119609935,0.07923205850982783,0.04952003656864239,0.023921986896236477,0.07100411397226877,0.07740362639037025,0.0575956117629133
mRNALoc_18566#852920,0,0.08475470371021629,0.04941093722525057,0.05064181466502549,0.09512924213117636,0.063653947599789,0.039212238438544045,0.026375945138034113,0.05521364515561808,0.06330226833128187,0.03516792685071215,0.05187269210480042,0.05908211710919641,0.06822577809038158,0.06066467381747846,0.08053455248813082,0.11675751714436435
mRNALoc_18602#853231,0,0.08946171341925702,0.06974981046247157,0.07410917361637605,0.06444275966641395,0.06937073540561031,0.03980288097043214,0.04112964366944655,0.05951478392721759,0.07827899924184989,0.053828658074298714,0.05496588324488249,0.055913570887035635,0.060652009097801364,0.04643669446550417,0.07278241091736164,0.06956027293404093
mRNALoc_18436#851415,0,0.09921169005960392,0.059219380888290714,0.05787348586810229,0.08209959623149395,0.07344741395885407,0.04845222072678331,0.029801961161315133,0.05152855220149971,0.06460296096904442,0.03057104402999423,0.043260911363199386,0.06710248029225149,0.06114208805998846,0.06498750240338397,0.07460103826187271,0.09209767352432224
mRNALoc_18510#852264,0,0.11415910529647605,0.056763030175142434,0.06246043469086305,0.0898923823591475,0.06246043469086305,0.03587254695083351,0.028909052542730535,0.051698670605613,0.08060772314834354,0.03228529225575016,0.05064359569529436,0.04705634100021101,0.06583667440388268,0.05401983540831399,0.06879088415277484,0.09854399662376029
mRNALoc_18867#856913,0,0.1102863202545069,0.05471898197242842,0.06553552492046659,0.0895015906680806,0.06468716861081654,0.03711558854718982,0.02926829268292683,0.04623541887592789,0.0767762460233298,0.03499469777306469,0.04878048780487805,0.05450689289501591,0.06829268292682927,0.05047720042417816,0.07147401908801697,0.09734888653234358
mRNALoc_18603#853233,0,0.1099161109916111,0.052269305226930525,0.062379006237900624,0.09399870939987094,0.06130350613035061,0.032265003226500326,0.031189503118950312,0.04646160464616046,0.08130780813078081,0.03075930307593031,0.04882770488277049,0.052914605291460526,0.06582060658206065,0.05592600559260056,0.07162830716283071,0.10303291030329104
mRNALoc_18592#853198,0,0.10872997969772163,0.04714640198511166,0.062034739454094295,0.09339048048725468,0.055944055944055944,0.02932551319648094,0.02594180013534852,0.050078953304759755,0.07692307692307693,0.03586735844800361,0.04985337243401759,0.0550417324610873,0.06970448905932777,0.04895104895104895,0.07985562824272502,0.1112113692758854
mRNALoc_10295#446296,0,0.08572116542258608,0.06043823741873344,0.06477245364796533,0.07031061882976161,0.08283168793643149,0.054177702865398504,0.02480134842282687,0.06597640260052974,0.06429087406693956,0.05827112930411751,0.06212376595232362,0.052732964122321216,0.04863953768360221,0.05465928244642427,0.08572116542258608,0.06453166385745245
mRNALoc_18737#854781,0,0.09168982066178327,0.05152816367769639,0.05632735539277595,0.09850972467794898,0.06643091689820661,0.04142460217226572,0.030815862591563527,0.049002273301338724,0.06744127304874968,0.036372821419550394,0.04041424602172266,0.05127557464006062,0.07249305380146502,0.05834806769386209,0.06794645112402121,0.11997979287698914
mRNALoc_18845#856630,0,0.08505087398904253,0.06887555439603443,0.07983302895903992,0.06391860161753196,0.07096269240803549,0.038351160970519174,0.038612053222019306,0.06157057135403079,0.08009392121054004,0.05843986433602922,0.05896164883902948,0.05270023480302635,0.06157057135403079,0.043829898252021916,0.07278893816853639,0.06444038612053223
mRNALoc_18811#856137,0,0.10866574965612105,0.061072902338376894,0.05171939477303989,0.09986244841815681,0.065474552957359,0.0390646492434663,0.030811554332874826,0.05529573590096286,0.07042640990371389,0.03356258596973865,0.04594222833562586,0.04401650618982118,0.07675378266850069,0.056946354883081154,0.065474552957359,0.09491059147180192
mRNALoc_18740#854883,0,0.14273835920177383,0.05321507760532151,0.05376940133037694,0.10310421286031042,0.07095343680709534,0.03741685144124168,0.021618625277161862,0.052937915742793794,0.06430155210643015,0.028824833702882482,0.026330376940133036,0.035753880266075386,0.07483370288248337,0.06347006651884701,0.05349223946784922,0.11723946784922394
mRNALoc_18515#852311,0,0.10523305690591936,0.05490420360308836,0.052902487846725764,0.08721761509865598,0.054332284815556194,0.03574492422076065,0.031169573920503287,0.061195310265942236,0.07234772662281956,0.03431512725193023,0.04775521875893623,0.05461824420932228,0.06805833571632829,0.05747783814698313,0.0774949957106091,0.10523305690591936
mRNALoc_18509#852259,0,0.1290796824463393,0.0567480152896207,0.07938841517200823,0.0799764775066157,0.06321670097030285,0.042340488091737724,0.03293149073801823,0.04645692443399,0.09173772419876507,0.03910614525139665,0.0455748309320788,0.0455748309320788,0.06115848279917671,0.046750955601293734,0.06409879447221406,0.07586004116436343
mRNALoc_18781#855529,0,0.10957290132547864,0.05419734904270987,0.056848306332842415,0.1036818851251841,0.07098674521354933,0.031516936671575846,0.024447717231222386,0.04742268041237113,0.06804123711340206,0.031516936671575846,0.04536082474226804,0.0491899852724595,0.07569955817378497,0.05714285714285714,0.0674521354933726,0.10692194403534609
mRNALoc_18505#852173,0,0.11631374888159857,0.0656128839844915,0.06620936474798687,0.08410378765284819,0.07933194154488518,0.05189382642409782,0.037876528481956453,0.05070086489710707,0.07187593200119297,0.038473009245451835,0.03817476886370415,0.04592901878914405,0.06471816283924843,0.06382344169400536,0.05219206680584551,0.07277065314643602
mRNALoc_18739#854872,0,0.09617718446601942,0.0625,0.055825242718446605,0.07797330097087378,0.07766990291262135,0.04854368932038835,0.041868932038834954,0.060983009708737865,0.06978155339805825,0.04247572815533981,0.04399271844660194,0.05218446601941747,0.048847087378640776,0.07554611650485436,0.06674757281553398,0.07888349514563107
mRNALoc_18574#853026,0,0.10482315112540193,0.05562700964630225,0.05530546623794212,0.1022508038585209,0.06913183279742766,0.03054662379421222,0.029581993569131833,0.04372990353697749,0.06784565916398713,0.03504823151125402,0.045980707395498394,0.05080385852090032,0.07620578778135048,0.05176848874598071,0.06881028938906752,0.11254019292604502
mRNALoc_17522#80843,0,0.05359477124183006,0.048366013071895426,0.07549019607843137,0.04673202614379085,0.0803921568627451,0.07287581699346406,0.022222222222222223,0.08431372549019608,0.0565359477124183,0.06699346405228758,0.07777777777777778,0.059803921568627454,0.03366013071895425,0.07156862745098039,0.08562091503267974,0.06405228758169934
mRNALoc_18670#854070,0,0.0880672268907563,0.05915966386554622,0.05983193277310924,0.06890756302521009,0.06453781512605042,0.04773109243697479,0.041008403361344536,0.06554621848739496,0.06655462184873949,0.04941176470588235,0.051092436974789913,0.05546218487394958,0.05680672268907563,0.06252100840336135,0.07058823529411765,0.09277310924369749
mRNALoc_18392#850829,0,0.11092323300642543,0.045992560027054444,0.07778153533987149,0.0848833276969902,0.05749070003381806,0.03145079472438282,0.03314169766655394,0.04430165708488333,0.08826513358133244,0.040581670612106865,0.05546161650321271,0.05884342238755495,0.06290158944876564,0.048359824146094015,0.07676699357456881,0.08285424416638484
mRNALoc_18523#852366,0,0.09795221843003413,0.06075085324232082,0.060068259385665526,0.09180887372013652,0.06655290102389079,0.03447098976109215,0.025938566552901023,0.060068259385665526,0.06723549488054607,0.032423208191126277,0.04573378839590444,0.04641638225255973,0.078839590443686,0.059385665529010236,0.060068259385665526,0.11228668941979522
mRNALoc_18656#853801,0,0.11894121691302853,0.04812650395324854,0.07218975592987281,0.09453420419388106,0.06943966998968717,0.03540735647989,0.028532141629425918,0.047438982468202134,0.08456514266070815,0.03850120316259883,0.043313853557923686,0.047782743210725336,0.060845651426607084,0.058783086971467856,0.07012719147473359,0.0814712959779993
mRNALoc_18446#851527,0,0.1341421143847487,0.06204506065857886,0.05511265164644714,0.10155979202772963,0.07105719237435008,0.03466204506065858,0.027383015597920276,0.04956672443674177,0.06689774696707106,0.035701906412478335,0.04055459272097054,0.03951473136915078,0.0807625649913345,0.05025996533795494,0.05961871750433276,0.09116117850953206
mRNALoc_18849#856668,0,0.12613240418118468,0.07003484320557492,0.05435540069686411,0.0867595818815331,0.08954703832752613,0.050174216027874564,0.0313588850174216,0.059930313588850176,0.06550522648083623,0.041463414634146344,0.030662020905923345,0.03588850174216028,0.05609756097560976,0.06933797909407666,0.05714285714285714,0.07560975609756097
mRNALoc_18551#852709,0,0.1167601683029453,0.057152875175315566,0.0546984572230014,0.0859046283309958,0.05855539971949509,0.03576437587657784,0.02769985974754558,0.05925666199158485,0.06977559607293128,0.030154277699859747,0.03927068723702665,0.06030855539971949,0.0694249649368864,0.05820476858345021,0.07784011220196353,0.09922861150070127
mRNALoc_18810#856071,0,0.07703130495954977,0.043264157580021105,0.057333802321491385,0.07316215265564545,0.0481885332395357,0.04713330988392543,0.03236018290538164,0.06507210692930003,0.06999648258881463,0.04783679212099894,0.056982061202954626,0.06858951811466761,0.05522335561027084,0.054519873373197324,0.09708054871614492,0.1062258177981006
mRNALoc_18570#852980,0,0.13594306049822064,0.05871886120996441,0.06227758007117438,0.08647686832740213,0.07153024911032028,0.034875444839857654,0.023487544483985764,0.05658362989323843,0.06832740213523132,0.029537366548042704,0.026334519572953737,0.04092526690391459,0.06761565836298933,0.06334519572953737,0.05302491103202847,0.12099644128113879
mRNALoc_18358#850403,0,0.10934680620714543,0.05485384337784194,0.06026705160591844,0.08408516780945507,0.06748466257668712,0.032840129916997474,0.024539877300613498,0.06134969325153374,0.06243233489714904,0.040779501984843015,0.04438830747022735,0.05196679898953446,0.06928906531937928,0.057740887766149405,0.07037170696499459,0.10826416456153014
mRNALoc_18859#856745,0,0.10212919523637676,0.06459761818837964,0.06134969325153374,0.08480692890653194,0.0779501984843017,0.03897509924215085,0.031035727174305305,0.0555756044749188,0.07325875135330205,0.039335979790689285,0.04330566582461205,0.05160591844099603,0.059545290508841574,0.06062793215445687,0.07181522915914833,0.08408516780945507
mRNALoc_18563#852876,0,0.08055152394775036,0.05333817126269957,0.04862119013062409,0.0660377358490566,0.04716981132075472,0.035921625544267054,0.031567489114658925,0.07801161103047896,0.06785195936139332,0.03918722786647315,0.05188679245283019,0.07256894049346879,0.05297532656023222,0.06422351233671988,0.09941944847605225,0.1106676342525399
mRNALoc_18732#854764,0,0.06757754800590841,0.0568685376661743,0.06019202363367799,0.07016248153618906,0.0653618906942393,0.04542097488921713,0.042097488921713444,0.06019202363367799,0.06868537666174299,0.04874446085672083,0.050221565731166914,0.0638847858197932,0.053175775480059084,0.0620384047267356,0.07902511078286559,0.10635155096011817
mRNALoc_18589#853153,0,0.14161631419939577,0.061933534743202415,0.05929003021148036,0.08987915407854985,0.061933534743202415,0.04078549848942598,0.03323262839879154,0.05966767371601209,0.07439577039274925,0.0377643504531722,0.0445619335347432,0.03625377643504532,0.07439577039274925,0.05513595166163142,0.05626888217522659,0.07288519637462236
mRNALoc_18691#854386,0,0.13497164461247638,0.050283553875236295,0.06994328922495274,0.09111531190926277,0.062381852551984876,0.029867674858223062,0.024196597353497166,0.0551984877126654,0.077882797731569,0.03856332703213611,0.04385633270321361,0.04272211720226843,0.07107750472589792,0.052930056710775046,0.06502835538752363,0.08998109640831758
mRNALoc_18581#853061,0,0.1077041011881947,0.05327711766960521,0.047911077041011885,0.09888846301264853,0.05940973553085473,0.02184745113070142,0.02414718282866999,0.051360674587964734,0.06707550785741663,0.026063625910310462,0.04484476811038712,0.05481027213491759,0.07359141433499425,0.05557684936757378,0.07589114603296282,0.13760061326178613
