SampleName,label,AA,AC,AG,AT,CA,CC,CG,CT,GA,GC,GG,GT,TA,TC,TG,TT,lamada_1,lamada_2,lamada_3,lamada_4,lamada_5,lamada_6,lamada_7,lamada_8,lamada_9,lamada_10
mRNALoc_18600#853213,0,0.04569302449319089,0.032769744838551045,0.03747751099845557,0.035169782488698446,0.033692836242453894,0.01901568292039864,0.022338811974448883,0.029354306644110515,0.042092968017969794,0.0282465969594271,0.02806197867864653,0.028154287819036814,0.029631234065281366,0.024369613063035145,0.03867752982352926,0.0402467852101641,0.06173594678668621,0.04835944812725871,0.04391378145068155,0.04940265669258524,0.04788786833650249,0.04352344882915233,0.049638846282829,0.04806703153054442,0.044380941089144005,0.04809733663721813
mRNALoc_205#101165733,0,0.05450254238908137,0.03210843960632561,0.03486935638776125,0.037732529346287104,0.04478820556551152,0.027711423991446625,0.009100799761028596,0.03129039018960394,0.028631729585258506,0.02535953191837182,0.020042210709680954,0.02495050721001098,0.03129039018960394,0.027711423991446625,0.03497161256485146,0.05419577385781074,0.06057723116162038,0.04768596628522752,0.04584887141284954,0.04675716070164449,0.048060451276773726,0.04440787135077276,0.0477512334437526,0.04625412858786136,0.046963218592403745,0.04643699992301279
mRNALoc_916#10940,0,0.05259220923876141,0.024081097966776283,0.04452731322158633,0.03248676423819819,0.03703036762815598,0.03078291296696402,0.010677467966400803,0.038734218899390147,0.04043807017062432,0.03146445347545769,0.034644975848428135,0.027488800509244623,0.0236267376277805,0.030896503051712963,0.044186542967339495,0.03703036762815598,0.056880002804448,0.04590811054785005,0.043823562731128446,0.045467420149878826,0.044147217378592056,0.04500429783062066,0.04445752986010137,0.04420022151274697,0.04467338377428184,0.044749450005374905
mRNALoc_18457#851608,0,0.047082055736627375,0.025666806304582814,0.030548223454534146,0.043775289280208726,0.03338259470289299,0.018895808322392255,0.015274111727267073,0.029131037830354728,0.037161756367371436,0.020155528877218408,0.027713852206175307,0.031965409078713564,0.029445967969061265,0.031965409078713564,0.04346035914150219,0.05007389205433948,0.060717436921274126,0.04993888592797069,0.04297458739307555,0.04867932368163949,0.04872495547437165,0.04374549923585998,0.048227205932149006,0.04798264567834838,0.04468351642829067,0.04862784119506506
mRNALoc_18830#856492,0,0.039014721749277934,0.0238257842743682,0.025314895791516218,0.039014721749277934,0.026804007308664227,0.016975871295487343,0.012210714440613703,0.03603649871498191,0.026506185005234627,0.015784582081768934,0.027697474218953036,0.04020601096299634,0.034547387197833894,0.0354408541081227,0.045268990121299583,0.0705838859128158,0.060644022088615544,0.05180924385070835,0.04265241649313709,0.049458992632063825,0.04756221877934712,0.04304160817087892,0.04870696841218893,0.049298223154366085,0.043267007539638976,0.04832671394584269
mRNALoc_18766#855380,0,0.06008249353210277,0.022184305304161024,0.03188993887473147,0.0411333994181319,0.026343862548691217,0.019411267141140894,0.012478671733590576,0.03373863098341156,0.03743601520077173,0.018949094113970874,0.022646478331331044,0.029579073738881367,0.03142776584756145,0.03142776584756145,0.041595572445301925,0.06886378104833317,0.05809927198678367,0.04599192609610673,0.04596499546182861,0.045891041026563974,0.046930986822114815,0.04477590533409063,0.047106429106267195,0.04498841716648658,0.04518912348004494,0.045873787410038495
mRNALoc_18747#854969,0,0.06109525240742588,0.04152196781033454,0.025939352888378328,0.04931327527131265,0.04475250992830107,0.023944018050810766,0.014157375752265096,0.02993002256351346,0.033445612515418215,0.013777311973680798,0.0133972481950965,0.018813157039922743,0.03848145758166016,0.03354062846006428,0.026034368833024405,0.03240043712431139,0.06363757623504299,0.049089024744845576,0.04788707602325078,0.04821172198495084,0.04902118711016874,0.047427165173613096,0.04934381271765922,0.04837935660226915,0.04757986402270945,0.0488792189899699
mRNALoc_18373#850659,0,0.04353566901953163,0.03670654446744824,0.04111702074066876,0.03115788076888048,0.03756018503645866,0.01977600651540816,0.020345100228081774,0.0318692479097225,0.04111702074066876,0.03073106048437527,0.030161966771701652,0.02717422478016517,0.030304240199870058,0.022336928222439434,0.03756018503645866,0.03314970876323814,0.06203208531926783,0.04917338254045825,0.042277925094975966,0.050283045905974634,0.049110018264158915,0.041285164923739154,0.0502463750687747,0.04958817915006105,0.04196600231099782,0.04943483173647441
mRNALoc_18504#852161,0,0.0501486876803466,0.03264888520855899,0.03578317818858065,0.032387694126890514,0.032387694126890514,0.020895286533477754,0.02481315275850483,0.02899221006520038,0.04126819090361856,0.026380299248515662,0.03003697439187427,0.030298165473542738,0.027163872493521077,0.027163872493521077,0.037350324678591486,0.04544724821031411,0.060166221922778,0.04628395561317944,0.04577508911311707,0.04758885172099419,0.04535504240569442,0.04484472702673943,0.04841217794143665,0.04652000950870588,0.044845470732844936,0.04704271743256085
mRNALoc_18815#856279,0,0.03549255047241066,0.02228602006407181,0.02668819686685143,0.037418502823626736,0.022836292164419264,0.025312516615982793,0.015407618809728659,0.03989472727519028,0.028339013167893782,0.021460611913550632,0.027513605017372603,0.03686823072327929,0.035217414422236935,0.03439200627171576,0.04457204012814362,0.060254794988046,0.060458716395492815,0.04949360290141724,0.04568800389164096,0.04741790904435951,0.04892084593031387,0.044809430454716526,0.04733899794996557,0.04833146244815169,0.044238538009331724,0.04934835125008979
mRNALoc_18831#856494,0,0.03623365152208071,0.02583875149525428,0.02227478577177093,0.03950062010194045,0.02969971436236124,0.02346277434626538,0.014552860037557007,0.0335606772294682,0.023165777202641766,0.015443851468427845,0.027026740069748728,0.042470591538176575,0.03474866580396265,0.036530648665704324,0.04425257439991825,0.059696425868346094,0.06212629312469793,0.05167776942695858,0.04324282208098258,0.049506926998615704,0.04872693136558888,0.04474424604977829,0.0490242982514342,0.04902105016380746,0.044816601395409404,0.04865395125910268
mRNALoc_18604#853236,0,0.04086123341734174,0.03178095932459914,0.024214064247313625,0.03783447538642754,0.03541306896169618,0.025122091656587887,0.017252520776210957,0.03632109637097044,0.02784617388441067,0.021792657822582263,0.030267580309142034,0.032386310930781974,0.030570256112233452,0.03541306896169618,0.04055855761425032,0.04782277688844441,0.06145121328079179,0.04996287937961406,0.042731887207049665,0.049095806623429994,0.046931195973286016,0.04442117156558054,0.04892733862958521,0.04714473517948473,0.04455335564258507,0.049323523853904004
mRNALoc_18599#853212,0,0.059758414845348266,0.024276856030922733,0.0336141083505084,0.03874959712628051,0.027544894342777713,0.02100881771906775,0.014472741095357783,0.034547833582466964,0.039683322358239084,0.020075092487109186,0.021942542951026316,0.028011756958756996,0.02941234480669485,0.03221352050257055,0.039683322358239084,0.06956252978091321,0.05711122887168869,0.04701621657026514,0.043976977965873874,0.04654857183130566,0.04545796139556324,0.04519367342245823,0.046057645158312614,0.04404973877376657,0.04541935845272449,0.04461093226176212
mRNALoc_18833#856499,0,0.06083028274876809,0.03052770666444468,0.029221949299741295,0.048988414234389106,0.03485021380277313,0.01877589038211421,0.013282704227155134,0.02823137474720769,0.035030318266870156,0.017154950205241038,0.017830341945604858,0.020892117835254177,0.038812512012907543,0.028681635907450237,0.03061775889649319,0.05209521624006268,0.06195788812761127,0.04910018492932704,0.04624746047083754,0.049096517619190844,0.048146944853329245,0.04771469929830984,0.048450993407542386,0.04832130445743712,0.04661498064834515,0.048525638771592314
mRNALoc_10172#4363,0,0.029917367906725185,0.028908917303127706,0.03764882253430585,0.025295302640236744,0.04151454984809618,0.050086379978674746,0.02243802593004389,0.04243896290139387,0.0372286347828069,0.038237085386404385,0.043699526155890726,0.027312203847431698,0.013193895397067007,0.03916149843970206,0.04269107555229324,0.031766194013320564,0.05575013003718988,0.045417432034601024,0.04226831355654659,0.04373256104106776,0.04514946898649259,0.04135628457070338,0.044362088471076186,0.043846834691438435,0.042610757840572284,0.04396768615279108
mRNALoc_18566#852920,0,0.042965213663716605,0.025048184729262166,0.02567216086130784,0.048224441062387303,0.032268479971505004,0.019878096778026558,0.013370917115264502,0.027989786494620358,0.0320902010766348,0.017827889487019334,0.026296136993353522,0.029950854338192483,0.034586105604817514,0.030753109365108354,0.040825866925274276,0.0591885930969042,0.06206231089194825,0.04947653061731569,0.04606712743230673,0.0487496623229843,0.04867444522854107,0.04615431142156661,0.04872256286814357,0.04834952440124951,0.04641840972832374,0.048389077524225735
mRNALoc_18602#853231,0,0.04592739597767043,0.035807800253776945,0.038045787769638004,0.0330832937127287,0.03561319264370207,0.020433799057861843,0.0211149256931239,0.030553394781755328,0.04018647148046162,0.027634280630632207,0.028218103460856833,0.028704622486044017,0.03113721761197995,0.02383943223417215,0.03736466113437594,0.035710496448739505,0.062125142382173225,0.049077032134002524,0.04286806657538193,0.0503723813976919,0.04873404031997125,0.042086731674953144,0.05059814537164511,0.0489278199690295,0.04320768771907786,0.04862807707855409
mRNALoc_18436#851415,0,0.05097065656563332,0.030424345391889658,0.029732882996619435,0.04217920611148339,0.037734090713317694,0.0248926462297279,0.015310953038126289,0.02647313170463126,0.03319019497297054,0.01570607440685213,0.022225576990828482,0.03447433942132951,0.03141214881370426,0.03338775565733346,0.03832677276640645,0.0473157839049193,0.06175468801523644,0.04943196730244692,0.043914153975300935,0.04938845981373089,0.046587732950267906,0.046687794991623066,0.04795321965491479,0.04737627650855096,0.04654106760777898,0.046608079494376065
mRNALoc_18510#852264,0,0.058982242243705275,0.029327584405834974,0.03227124529415298,0.046444427349017464,0.03227124529415298,0.018534161148668942,0.014936353396280265,0.0267109969495523,0.041647350345832564,0.016680745033802048,0.02616587456282674,0.024312458447959845,0.03401563693167476,0.027910266200348522,0.03554197961450632,0.050914430920167036,0.060276922181938114,0.048558782827270275,0.04534169628799921,0.047852668346423335,0.04822197705361444,0.04479951794859089,0.04750698852532475,0.048465656703364654,0.04453807736380942,0.047770714623181894
mRNALoc_18867#856913,0,0.0563435526275153,0.02795507034211336,0.03348107261904274,0.04572496001694511,0.03304766067575416,0.01896177251887534,0.014952712043455984,0.02362095090922757,0.03922378086761642,0.017878242660653892,0.024921186739093305,0.027846717356291215,0.03488966143473063,0.025788010625670463,0.0365149562220628,0.049734020492364465,0.06155567228991779,0.04893212970465981,0.04471205834132377,0.05036217996146899,0.04723495483708977,0.04568533759150692,0.048440631890432746,0.04833369504742438,0.046054306524936695,0.04780470565982636
mRNALoc_18603#853233,0,0.056503550764851446,0.026869594590721923,0.03206659436752822,0.04832104047796494,0.031513722050846696,0.016586169500445634,0.01603329718376411,0.02388408408064171,0.04179714714112299,0.015812148257091502,0.025100403177341055,0.027201317980730833,0.03383578578090909,0.028749360467439092,0.0368212962909893,0.05296516793808972,0.06077487836123468,0.04818744732821991,0.04584260700577819,0.04814364706602874,0.04826522273530048,0.04561854841728187,0.04732574105517074,0.04807129536693069,0.04543166950073562,0.048278263112840676
mRNALoc_18592#853198,0,0.055433632229792466,0.024036574971009594,0.031627072330275785,0.047613119799033356,0.02852186886512143,0.014950979647039462,0.0132258666108426,0.02553167293571354,0.03921756968954197,0.018286198183686726,0.025416665399967082,0.028061838722135603,0.03553732854565533,0.024956635256981254,0.040712667654245915,0.05669871512300349,0.061144399600256735,0.04956552382665271,0.04563736824333254,0.04782930582707413,0.049187193226408264,0.045340687599076356,0.04890387853259717,0.04868591033144854,0.044998589359507554,0.048878737489600345
mRNALoc_10295#446296,0,0.04457752570254414,0.03142965997567017,0.03368357981456285,0.036563588497592385,0.043074912476615684,0.02817399798615852,0.012897430189219232,0.03430966865869971,0.03343314427690811,0.03030270005622383,0.03230618435746177,0.027422691373194294,0.02529398930312898,0.02842443352381326,0.04457752570254414,0.03355836204573548,0.061303492807315,0.04627694124042751,0.046456724578134274,0.04633758792106856,0.04727718027092196,0.04565611787965634,0.046455301781047155,0.048200675601935014,0.043709045806579305,0.04829753817284236
mRNALoc_18737#854781,0,0.046314962185650684,0.026028243211770632,0.028452442334435543,0.049759876728385034,0.03355601943478272,0.02092466611142345,0.015565910156058908,0.02475234893668384,0.034066377144817445,0.01837287756124986,0.020414308401388734,0.025900653784261953,0.03661816569499104,0.029473157754504983,0.0343215559998348,0.060604978066622794,0.06233484486499644,0.050229561348298396,0.045707742945511144,0.049434693893174717,0.04798970639435795,0.04696152532935892,0.047939329930114474,0.04970271121343024,0.04520759477516129,0.04936574579873397
mRNALoc_18845#856630,0,0.04362631167587415,0.03532928307494102,0.04094985083686346,0.03278664527788088,0.0363998674105453,0.019671987166728525,0.01980581020867906,0.03158223790032607,0.041083673878813995,0.02997636139691966,0.03024400748082073,0.027032254474007908,0.03158223790032607,0.022482271047689746,0.037336628704199036,0.03305429136178195,0.06213887494440832,0.04992376785969209,0.04184680381495652,0.05067264043451765,0.0494859778205768,0.041262315988904986,0.050566676817943024,0.049604448528279284,0.04230458758875085,0.049250186405572896
mRNALoc_18811#856137,0,0.054617935928278544,0.030696662724247686,0.025995372036750293,0.050193191751810404,0.032909034812481745,0.01963480228307735,0.015486604617638471,0.02779292435844047,0.03539795341174508,0.016869337172784764,0.02309163367094308,0.022123720882340672,0.03857823828858155,0.028622563891528247,0.032909034812481745,0.04770427315254707,0.06273280441089754,0.04955906852571288,0.046680033892055384,0.04836399189728791,0.04960113366675564,0.04662763717434203,0.049679254598312246,0.048255094133471545,0.04669728228485192,0.049180415620635555
mRNALoc_18740#854883,0,0.07291571497473372,0.027184111213881312,0.027467279039025908,0.05266921547689504,0.036245481618508414,0.019113828197260294,0.011043545180639283,0.027042527301309013,0.03284746771677325,0.014724726907519043,0.013450471694368357,0.018264324721826503,0.03822765639452059,0.03242271597905636,0.02732569512645361,0.05988999501808226,0.059804456551417376,0.05080770950842084,0.044864506174899704,0.049216509129572206,0.04780270084070653,0.04695893468602616,0.04850382994906394,0.04752063347365053,0.04626904220216661,0.04741692092322306
mRNALoc_18515#852311,0,0.053873612792628416,0.02810797189180613,0.0270832020832507,0.04465068451562953,0.02781518051793315,0.01829946086706128,0.015957129876077437,0.03132867700440892,0.03703810879493204,0.017567482432378833,0.024448079718393873,0.02796157620486964,0.034842173490884684,0.029425533074234542,0.03967323115978886,0.053873612792628416,0.06112105090561404,0.04924524161464222,0.04540999128540679,0.04886521756516009,0.04824885896823834,0.045382949840928895,0.048244237084576244,0.04713456400473363,0.04638465984882217,0.04801751166497116
mRNALoc_18509#852259,0,0.0674212672195348,0.02964078490517134,0.04146638302795991,0.041773541420759605,0.03301952722596807,0.022115404281578616,0.017200869996783368,0.024265513031176536,0.04791670927675367,0.02042603312118025,0.023804775441976983,0.023804775441976983,0.03194447285116911,0.024419092227576388,0.03348026481516763,0.03962343267116169,0.059273283422954896,0.048681350371186115,0.04324636585544399,0.04821056198133979,0.04768995185075751,0.04524182732225508,0.04755659390960885,0.04610168939551377,0.04447491642706477,0.04720061250798026
mRNALoc_18781#855529,0,0.05512520508579998,0.02726623047254623,0.028599904789138163,0.052161484382262355,0.035712834477628484,0.01585590576392634,0.012299440919681178,0.02385795166347795,0.03423097412585967,0.01585590576392634,0.022820649417239776,0.02474706787453924,0.03808381104045859,0.028748090824315044,0.0339346020555059,0.05379153076920805,0.06247101213543122,0.05023058714566679,0.044662666670820354,0.050568748923522575,0.048902572492680776,0.046138260043117094,0.04932575890162705,0.04884848648075187,0.0458054814751637,0.04995483630570528
mRNALoc_18505#852173,0,0.059728991044502786,0.03369327699946311,0.033999579517640044,0.04318865506294817,0.04073823491753267,0.026648319081393552,0.019450209904235523,0.02603571404503968,0.036909453440320955,0.01975651242241246,0.019603361163323993,0.023585293899624177,0.0332338232221977,0.0327743694449323,0.02680147034048202,0.03736890721758636,0.06131645863105985,0.05029455214873909,0.043427432419088176,0.048968852998350014,0.04875193359898286,0.044673597537650885,0.04832580736468126,0.04737525845974361,0.04674314966010578,0.046606785457963026
mRNALoc_18739#854872,0,0.05013446424951038,0.03257949411797836,0.029100130668485522,0.04064529120543901,0.04048713832137116,0.025304461450856974,0.021825098001364143,0.03178872969763907,0.0363751633356069,0.022141403769499853,0.022932168189839133,0.027202296059671248,0.02546261433492483,0.039380068132896164,0.03479363449492834,0.041119749857642586,0.06033766944259979,0.048191516362024664,0.044600856678934375,0.047680176727480775,0.047188267230478836,0.04458675695369689,0.046603934999804544,0.04751766540605933,0.04490622834801387,0.04711502196325335
mRNALoc_18574#853026,0,0.052407894950091925,0.027811551614619335,0.027650791200661995,0.051121811638433226,0.0345634890008275,0.015272239325947033,0.014789958084075022,0.02186341629819786,0.03392044734499814,0.01752288512134975,0.022988739195899218,0.025400145405259276,0.03810021810788891,0.02588242664713129,0.03440272858687016,0.056266144885068016,0.06340925907535208,0.049749352170468185,0.04599827659765042,0.04897176320249768,0.04919065230600255,0.04796497036827519,0.04816688887543617,0.05074105899675745,0.04570278219945755,0.05014010880078409
mRNALoc_17522#80843,0,0.029176996282341206,0.026330460059673776,0.04109686671476109,0.0254409174900902,0.04376549442351182,0.039673598603427375,0.0120977789463366,0.04590039659051239,0.03077817290759164,0.03647124535292651,0.0423422263121781,0.03255725804675879,0.018324576933421613,0.03896196454776051,0.04661203064617925,0.034870068727676076,0.05702280417503439,0.046094798591609885,0.0426536869167849,0.04485984479691493,0.045037871924523715,0.043064526007546365,0.044572709553929654,0.044066636765083336,0.04386891805381707,0.04435815062960875
mRNALoc_18670#854070,0,0.045726442377539485,0.03071699945972118,0.031066056271763464,0.03577832323433433,0.03350945395605947,0.024783033655002316,0.021292465534579454,0.0340330391741229,0.034556624392186326,0.02565567568510803,0.026528317715213745,0.028797186993488603,0.029495300617573175,0.03246228351993261,0.03665096526444004,0.04816984006183549,0.06071112502212581,0.04758063907855669,0.044480664187996365,0.047831831366072,0.047359122476600776,0.04467013302566365,0.04820993605678713,0.046792771232613925,0.04552955321130715,0.04761221642937584
mRNALoc_18392#850829,0,0.057360112020960474,0.023783461081861662,0.040222029770795455,0.04389447596725939,0.029729326352327078,0.01626369029862599,0.017138082250165023,0.022909069130322632,0.04564325987033746,0.02098540683693676,0.028680056010480237,0.0304288399135583,0.03252738059725198,0.025007609814016306,0.03969739459987204,0.04284520562541255,0.06086917402071356,0.04944485136401933,0.04315198661212748,0.04850690067025861,0.04852718219718538,0.04334194977283439,0.04852141309711854,0.0472427908586648,0.04498024326058894,0.04829810800630571
mRNALoc_18523#852366,0,0.04968257040838296,0.03081358025328281,0.030467360250436937,0.04656659038277009,0.033756450277472747,0.01748411014371665,0.013156360108143222,0.030467360250436937,0.03410267028031862,0.016445450135179028,0.023196740190673578,0.023542960193519452,0.03998841032869848,0.030121140247591063,0.030467360250436937,0.05695319046814632,0.06188416539060203,0.04848884862868969,0.0467143979638615,0.049067130420382285,0.047443071484122384,0.04689498289317998,0.04873924541194138,0.04837261515411699,0.045967045707013356,0.049216192776884576
mRNALoc_18656#853801,0,0.061588112038309925,0.0249200453334202,0.0373800680001303,0.04895008904778968,0.03595606540964914,0.01833403335244486,0.014774026876241976,0.024564044685799914,0.043788079657295496,0.019936036266736158,0.02242804080007818,0.024742045009610057,0.03150605731439554,0.030438055371534673,0.036312066057269436,0.042186076743004196,0.06046624923427318,0.04860381929085018,0.044367152203087595,0.04839417776704586,0.04721205757330743,0.04468628207540419,0.04747339476857411,0.04740106990634385,0.04546880406430766,0.04812405115309617
mRNALoc_18446#851527,0,0.06728234045751792,0.031120255663813195,0.02764313212595697,0.05093985982959366,0.035640516263026285,0.017385617689281114,0.01373463797453208,0.024861433295671993,0.03355424214031255,0.017907186219959546,0.020341172696458906,0.01981960416578047,0.040508489216025,0.025209145649457615,0.02990326242556352,0.04572417452280933,0.06326715342188777,0.05312652127980296,0.0406936290724254,0.05268398355034077,0.05126408511036517,0.04137381859024832,0.05223765181066941,0.05080024251568499,0.04186053875311756,0.05111730555969749
mRNALoc_18849#856668,0,0.06511991030410146,0.036157740251724836,0.028062723777458082,0.04479242449094271,0.04623153853081235,0.025904052717653614,0.01619003294853351,0.030940951857197373,0.03381917993693666,0.021406821343060975,0.0158302544385661,0.018528593263321683,0.02896217005237661,0.03579796174175742,0.029501837817327726,0.039035968331464124,0.0606011321351236,0.04997089723309023,0.04379979467730432,0.047914771052313294,0.04856177869281061,0.044651980525399516,0.047943352734325734,0.0467326414285146,0.04574860821680323,0.04779288150107966
mRNALoc_18551#852709,0,0.05969880474133376,0.029221937455968173,0.027967007626570766,0.04392254402890922,0.029939040215623835,0.018286120371219346,0.014162779503199299,0.030297591595451666,0.03567586229286912,0.015417709332596705,0.020078877270358498,0.03083541866519341,0.0354965866029552,0.029759764525709918,0.03979920316088917,0.050735020245637995,0.06108354219216612,0.050976525278656704,0.04386808436855882,0.04824999339403977,0.0484643914053001,0.04569658074086259,0.04831381086344463,0.04883008530348078,0.04336550330068479,0.049857215518319536
mRNALoc_18810#856071,0,0.03997128609358483,0.02244962643612299,0.029750317960065425,0.037963595924500666,0.02500486846950284,0.02445731660520716,0.0167915905050676,0.03376569829823376,0.036320940331613615,0.024822351181404276,0.029567800671966862,0.03559087117921937,0.028655214231474057,0.028290179655276936,0.0503747715152028,0.055120221005765385,0.0598060236100523,0.05072085502050071,0.04213333507655732,0.04804923146856818,0.04864394085978345,0.043794681528409034,0.04835145928180756,0.04747573065979853,0.04228109356519495,0.04984699886511944
mRNALoc_18570#852980,0,0.07090700183048566,0.030627369900602445,0.0324835741370026,0.0451057629445236,0.03730970515164298,0.018190801516721453,0.012250947960240979,0.029513647358762357,0.03563912133888285,0.01540649516212123,0.013735911349361097,0.021346348718601707,0.03526788049160282,0.03304043540792264,0.02765744312236221,0.06311094403760505,0.058732571126883175,0.04910181708010871,0.044707516983231686,0.04716275246358241,0.04688445322484792,0.04571133311138725,0.04750662370210639,0.04671084775522193,0.04464271984106474,0.04724597428312416
mRNALoc_18358#850403,0,0.05586546601787169,0.028024920246589105,0.030790537376186713,0.04295925274641619,0.03447802688231685,0.01677807725289216,0.012537464320842493,0.03134366080210623,0.031896784228025755,0.02083431570963532,0.022678060462700392,0.026549924444137046,0.03539989925884939,0.02949991604904116,0.035953022684768916,0.055312342591952175,0.06140963944859369,0.05007571983757297,0.04357358563546228,0.04957838942769187,0.04842150841282721,0.045497380060311586,0.04859661367751694,0.04791218533252966,0.04580653304425141,0.04822677404891073
mRNALoc_18859#856745,0,0.05236450563544601,0.033121012398391644,0.03145571009903117,0.04348289337219015,0.03996725518465137,0.019983627592325685,0.015912888638333417,0.028495172677945883,0.037561818530019574,0.020168661181143518,0.02220403065813965,0.02645980320094975,0.03053054215494202,0.03108564292139551,0.03682168417474826,0.04311282619455449,0.06131790787544363,0.050214002290371734,0.044539663856654775,0.048555849805002174,0.04784913142372501,0.04563423898159888,0.047752147808915554,0.048642411396146785,0.04538304711086855,0.0473835248370648
mRNALoc_18563#852876,0,0.042205622944376534,0.027946966544249326,0.02547546610156061,0.034601006197642024,0.02471500442688716,0.018821426448167915,0.01654004142414756,0.040874815013697996,0.03555158329098384,0.02053246521618318,0.027186504869575877,0.03802308373367255,0.02775685112558096,0.03365042910430021,0.052091624715131395,0.05798520269385064,0.05933530948244136,0.05258723722884492,0.03873433539128989,0.048576468143485485,0.04883926974644023,0.04180667452638746,0.0479216900155866,0.04808121242822594,0.040813959064361895,0.04934575012292848
mRNALoc_18732#854764,0,0.03500199889680921,0.029455234044309393,0.03117664382611968,0.03634087317155055,0.03385439237560236,0.023525933684740617,0.02180452390293033,0.03117664382611968,0.03557580215741264,0.02524734346655091,0.026012414480688816,0.03308932136146445,0.027542556508964627,0.03213298259379207,0.04093129925637799,0.05508511301792925,0.06127937304020603,0.04781366080570337,0.04550394556053776,0.04700342835864195,0.04703372717257037,0.04682327017663921,0.04644200024481405,0.0470173382670848,0.045764878731616034,0.047365301070823734
mRNALoc_18589#853153,0,0.07236734763599255,0.03164865336614074,0.03029779621026888,0.045929143299643274,0.03164865336614074,0.020841796119165854,0.01698220424524625,0.03049077580396486,0.038016979958108085,0.019297959369598012,0.022771592056125653,0.018526040994814093,0.038016979958108085,0.028175020679613097,0.028753959460701042,0.03724506158332417,0.06081240737366587,0.04777849141914155,0.046527169767098586,0.0480412733622076,0.04839254151172045,0.04719497788011931,0.04711929720004671,0.04830540990615256,0.04663326111241057,0.048185206360481445
mRNALoc_18691#854386,0,0.06943427753090528,0.02586767202131765,0.035981348300329064,0.04687299967772597,0.0320914728084016,0.015365008193113492,0.012447601574167893,0.028396091091070504,0.040065717566852906,0.01983836500883008,0.022561277853179306,0.021977796529390185,0.03656482962411819,0.027229128443492265,0.03345292923057621,0.046289518353936854,0.060013057658114745,0.050368302158602773,0.044601802499869586,0.04815112084050437,0.04746128015294037,0.04656987971284713,0.04764289086360603,0.04725667077071208,0.04586428803148754,0.047634673503907876
mRNALoc_18581#853061,0,0.05446788441906334,0.026943188378113183,0.024229485951540633,0.05000965900397987,0.030044562579910384,0.011048645593902529,0.01221166091957648,0.025974008940051557,0.03392128033215688,0.013180840357638104,0.022678798850642033,0.02771853192856248,0.03721649042156641,0.028106203703787132,0.03837950574724036,0.0695870836528247,0.06151389983648424,0.05075028958268248,0.04624874060964522,0.04926023975494835,0.046860403042250594,0.04759031221524748,0.0474046997295133,0.04908743314325984,0.04693794865693987,0.04862820264847246
